smtpbadtraffic.pcap,188066,1539,1.58185482025
modbus.pcap,63097,518,0.819154024124
chilled_water_reset.pcap,174667,1189,1.96676397324
usingbsl.pcap,48436,251,0.628947973251
tof-8.4.pcap,486121,4280,5.08624887466
flicker-v8.pcap,42167,247,0.569982051849
smtpgoodtraffic.pcap,216342,1709,1.79837489128
tof_equivalent_bits.pcap,41436,234,0.570909023285
trafficoldschools.pcap,303094,2119,2.92874097824
hotwater_hx.pcap,171427,1300,1.91032290459
using_bsl_to_control.pcap,75018,296,0.600602149963
traffic-proper.pcap,34966,258,0.581607103348
TRAFFICLIGHTSDELUXETWOWAY.pcap,407947,2840,3.81233716011
hotwater.pcap,52501,360,0.709815979004
latestfile.pcap,42204,275,0.566488981247
trafficlight1.pcap,698250,5847,6.67943310738
ttest3-1100.pcap,501087,3981,5.1906979084
STARTSTOP.pcap,352598,3139,3.74947714806
